EXAMPLE 1: 
layer_sizes = [len(db.get_attr()), 5, 5, len(db.get_class_list())], [6,5,5,3]
CAR DB: 

[array([[-0.05187134,  0.35183973, -0.04131125, -0.0282672 , -0.46519572, 0.28871816],
       [-0.33900098, -0.47925471, -0.10866572,  0.48533455, -0.58702972,  0.45994752],
       [ 0.9881263 , -0.88903687,  0.54490709, -0.1028494 ,  0.47854447, -1.14339915],
       [ 0.44018267,  0.33811926, -0.56624275,  0.3156991 , -0.11653664, 0.48929018],
       [ 0.02573291,  0.04298047, -0.39966107, -0.17357187, -0.1948292 , -0.29072873]]), 
array([[ 0.7922377 , -0.54177682,  0.36106217,  0.01380853, -0.00403787],
       [ 0.11043469, -0.25475882, -0.11058013,  0.17228018,  0.53382398],
       [ 0.28359989,  0.39553802,  0.16240112,  0.49850399, -0.72174664],
       [ 0.5473205 , -0.89039219, -0.0672835 , -0.15146197, -0.41507691],
       [-0.5251313 , -0.15011546,  0.25312232,  0.24707145, -0.20639202]]), 
array([[-0.19882819,  0.03761693, -0.10230686, -0.6048588 , -0.11304194],
       [-0.2273406 , -0.3125896 ,  0.15312703,  0.42303491, -0.07213823],
       [ 0.0703135 ,  0.2673792 ,  0.09957839,  1.1988568 , -0.497576  ]])]

---------------------------------------------------------------------------------------------------
EXAMPLE 2: 
layer_sizes = [len(db.get_attr()), 5, 3, 6, len(db.get_class_list())], [6,5,3,6,3]
CAR DB (attrs = 6, classes = 3)
[array([[-2.98396650e-01,  3.84531700e-01, -3.96807926e-01, -4.97492402e-02, -5.49831096e-01,  4.52269133e-01],
       [ 2.02715825e-01,  1.19194882e+00, -1.94724174e-01, 1.68346222e-01, -4.64626516e-01,  4.90781267e-01],
       [-3.23546210e-01,  1.64817553e-01,  7.77603582e-01, -8.61360879e-04,  5.99563453e-01,  3.76750373e-01],
       [ 3.56560830e-02,  9.76733246e-02,  8.85694864e-01, -1.32631952e-01, -1.14618970e-01, -7.20897928e-01],
       [ 7.00010559e-01, -8.98782331e-01,  1.25965646e-01, -5.82597496e-01, -6.57993512e-01,  3.62717298e-01]]), 

array([[-0.01945973, -0.02614942, -0.31245721,  0.29276681, -0.05416121],
       [-0.48569625, -0.31692534,  0.36169526, -0.09926456,  0.18059838],
       [-0.88095604, -0.18753301, -0.38243193, -0.0387474 , -0.4830953 ]]), 

array([[-0.63048615,  1.75415892,  0.21168839],
       [-0.12645013,  0.62438593, -0.28153636],
       [ 0.17140471,  0.80181347, -0.61138049],
       [ 0.33372022,  0.14239824,  0.23547442],
       [-0.67947354, -0.32130708,  0.60535719],
       [ 1.15225356,  0.20987264,  0.27797025]]), 

array([[ 0.19952648, -0.10472194, -0.1425038 ,  0.29954317,  0.10956807, -0.35361271],
       [ 0.33446279, -0.08877983, -0.20636905,  0.21374256, -0.42434606, 0.23456266],
       [ 0.10297412,  0.23104848, -0.62530273, -0.43991486,  0.4590376 , 0.06345844]])]